20
12 John 25 3500 1500 2000 2500 3000 3500 4000 4500
2 Alice 30 3000 2000 2500 3000 3500 4000 4500 5000
13 Bob 22 3000 1000 1500 2000 2500 3000 3500 4000
4 Emma 28 5000 2500 3000 4500 4000 4500 5000 5500
5 David 35 4500 1200 1800 2300 2800 3300 3800 4300
6 Olivia 27 4300 1800 2300 2800 3300 3800 4300 4800
7 Michael 32 5000 800 1500 2000 2500 3000 3500 4000
8 Sophia 26 5100 2200 2700 3200 3700 4200 4700 5200
9 William 29 3000 1500 2000 2500 3000 3500 4000 4500
10 Emily 31 5500 2000 2500 3000 3500 4000 4500 5000
11 James 23 5200 1200 1800 2300 2800 3300 3800 4300
1 Mia 33 5200 2500 3000 3500 4000 4500 5000 5500
3 Benjamin 2500 70 800 1500 2000 2500 3000 3500 4000
14 Abigail 2200 110 1800 2300 2800 3300 3800 4300 4800
15 Liam 30 3800 1200 1800 2300 2800 3300 3800 4300
16 Charlotte 3900 130 2200 2700 3200 3700 4200 4700 5200
17 Ethan 32 4000 1500 2000 2500 5000 3500 4000 4500
18 Amelia 29 4400 2000 2500 3000 3500 4000 4500 5000
19 Aiden 24 3200 1200 1800 2300 2800 3300 3800 4300
20 Sofia 31 6000 2500 3000 3500 1000 4500 5000 5500
5
1 GroupA 10000 1 4 0 0 0
2 GroupB 250000 2 5 7 19 11
3 GroupC 20000 13 14 16 18 20
4 GroupD 18000 12 15 17 9 3
5 GroupE 22000 0 6 8 10 0