1 vamsi 25 500 1500 2000 2500 300000 3500 4000 4500
2 ironman 30 3000 2000 2500 3000 3500 4000 4500 5000
5 hulk 22 3500 1000 1500 2000 2500 3000 3500 4000
4 antman 28 5000 2500 3000 3500 4000 45000 5000 5500
6 superman 35 4500 1200 1800 2300 2800 3300 3800 4300
3 flash 27 4300 1800 2300 2800 3300 3800 4300 4800
7 wonserwoman 32 5000 800 1500 2000 2500 3000 3500 4000
8 Sophia 26 5100 220000 2700 3200 3700 4200 4700 5200
9 widow 29 3000 1500 2000 2500 3000 3500 4000 4500
10 hawkeye 31 5500 2000 2500 3000 3500 4000 4500 5000
11 spidey 23 5200 1200 1800 2300 2800 3300 3800 4300
12 deadpool 33 5200 2500 3000 3500 4000 4500 5000 5500
13 wolferin 2500 70 800 1500 2000 2500 3000 3500 4000
14 captain 2200 110 1800 2300 2800 3300 3800 4300 4800
15 thor 30 3800 1200 1800 2300 2800 3300 3800 4300
16 marvel 3900 130 2200 2700 3200 3700 4200 4700 5200
17 batman 32 4000 1500 2000 2500 3000 3500 4000 4500
18 vision 29 4400 2000 2500 3000 3500 4000 4500 5000
19 wanda 24 3200 1200 1800 2300 2800 3300 3800 4300
20 alok 31 6000 2500 3000 3500 4000 4500 5000 5500
21 harsha 19 0 10000 10000 10000 10000 10000 10000 10000000
22 honey 23 876 986 890 674 123 6574 567 143
23 drstrange 18 6700 5600 4500 6780 5760 12345 234 5678